72 26
74 26
76 28
78 28
79 29
81 29
80 30
82 30
84 30
81 31
83 31
85 31
87 31
84 32
86 32
88 32
90 32
87 33
89 33
91 33
93 33
95 33
90 34
92 34
94 34
96 34
100 34
95 35
97 35
99 35
101 35
103 35
98 36
100 36
102 36
104 36
106 36
101 37
103 37
105 37
107 37
104 38
106 38
108 38
107 39
109 39
111 39
115 39
117 39
121 39
110 40
112 40
114 40
116 40
118 40
122 40
111 41
113 41
115 41
117 41
119 41
122 41
123 41
118 42
120 42
124 42
125 43
126 44
127 45
128 46
130 46
129 47
131 47
130 48
132 48
134 48
131 49
133 49
135 49
137 49
132 50
134 50
136 50
138 50
140 50
142 50
135 51
137 51
139 51
141 51
143 51
145 51
147 51
149 51
138 52
142 52
144 52
146 52
148 52
150 52
152 52
154 52
147 53
149 53
151 53
153 53
155 53
157 53
150 54
152 54
154 54
156 54
158 54
155 55
157 55
159 55
161 55
158 56
160 56
162 56
164 56
166 56
159 57
161 57
163 57
165 57
167 57
169 57
162 58
164 58
166 58
168 58
170 58
172 58
174 58
165 59
167 59
169 59
171 59
173 59
175 59
177 59
168 60
170 60
172 60
174 60
176 60
178 60
184 60
186 60
173 61
175 61
177 61
179 61
185 61
186 61
187 61
176 62
178 62
180 62
186 62
188 62
179 63
181 63
187 63
188 63
189 63
190 64
191 65
192 66
193 67
194 68
196 68
195 69
197 69
207 69
209 69
196 70
198 70
206 70
208 70
210 70
212 70
197 71
199 71
203 71
205 71
207 71
209 71
211 71
213 71
215 71
198 72
200 72
202 72
210 72
212 72
214 72
216 72
218 72
220 72
201 73
213 73
215 73
217 73
219 73
221 73
223 73
216 74
218 74
220 74
222 74
224 74
226 74
219 75
221 75
223 75
225 75
227 75
224 76
226 76
228 76
230 76
227 77
229 77
231 77
233 77
228 78
230 78
232 78
234 78
236 78
238 78
240 78
231 79
233 79
235 79
237 79
239 79
241 79
232 80
234 80
236 80
238 80
240 80
242 80
243 80
237 81
239 81
240 81
245 81
247 81
249 81
251 81
253 81
257 81
240 82
241 82
244 82
246 82
248 82
250 82
252 82
254 82
256 82
258 82
260 82
241 83
242 83
247 83
249 83
251 83
253 83
255 83
257 83
259 83
246 84
252 84
254 84
256 84
260 84
257 85
261 85
263 85
265 85
258 86
262 86
264 86
266 86
259 87
263 87
