YMom 2.50000E-01 4.00000E+00 2.00000E+00 4.00000E+00 2.98970E+00 5.00000E-01
YMom 2.50000E-01 4.00000E+00 2.00000E+00 4.00000E+00 2.98970E+00 5.00000E-01
YMom 2.50000E-01 4.00000E+00 2.00000E+00 4.00000E+00 2.98970E+00 5.00000E-01
YMom 2.50000E-01 4.00000E+00 2.00000E+00 4.00000E+00 2.98970E+00 5.00000E-01
YMom 2.49178E-01 4.01319E+00 2.00660E+00 4.18754E+00 3.03649E+00 5.00000E-01
YMom 2.49178E-01 4.01319E+00 2.00660E+00 4.18754E+00 3.03649E+00 5.00000E-01
YMom 2.49094E-01 4.01455E+00 2.00727E+00 4.20709E+00 3.04134E+00 5.00000E-01
YMom 2.49094E-01 4.01455E+00 2.00727E+00 4.20709E+00 3.04134E+00 5.00000E-01
YMom 2.49008E-01 4.01594E+00 2.00797E+00 4.22737E+00 3.04635E+00 5.00000E-01
YMom 2.49008E-01 4.01594E+00 2.00797E+00 4.22737E+00 3.04635E+00 5.00000E-01
YMom 2.48918E-01 4.01738E+00 2.00869E+00 4.24857E+00 3.05158E+00 5.00000E-01
YMom 2.48918E-01 4.01738E+00 2.00869E+00 4.24857E+00 3.05158E+00 5.00000E-01
YMom 2.48824E-01 4.01890E+00 2.00945E+00 4.27095E+00 3.05708E+00 5.00000E-01
YMom 2.48824E-01 4.01890E+00 2.00945E+00 4.27095E+00 3.05708E+00 5.00000E-01
YMom 2.48725E-01 4.02051E+00 2.01025E+00 4.29477E+00 3.06292E+00 5.00000E-01
YMom 2.48725E-01 4.02051E+00 2.01025E+00 4.29477E+00 3.06292E+00 5.00000E-01
YMom 2.48618E-01 4.02223E+00 2.01111E+00 4.32034E+00 3.06919E+00 5.00000E-01
YMom 2.48618E-01 4.02223E+00 2.01111E+00 4.32034E+00 3.06919E+00 5.00000E-01
YMom 2.48504E-01 4.02408E+00 2.01204E+00 4.34793E+00 3.07595E+00 5.00000E-01
YMom 2.48504E-01 4.02408E+00 2.01204E+00 4.34793E+00 3.07595E+00 5.00000E-01
YMom 2.48380E-01 4.02609E+00 2.01304E+00 4.37787E+00 3.08327E+00 5.00000E-01
YMom 2.48380E-01 4.02609E+00 2.01304E+00 4.37787E+00 3.08327E+00 5.00000E-01
YMom 2.48245E-01 4.02827E+00 2.01414E+00 4.41050E+00 3.09125E+00 5.00000E-01
YMom 2.48245E-01 4.02827E+00 2.01414E+00 4.41050E+00 3.09125E+00 5.00000E-01
YMom 2.48098E-01 4.03066E+00 2.01533E+00 4.44615E+00 3.09998E+00 5.00000E-01
YMom 2.48098E-01 4.03066E+00 2.01533E+00 4.44615E+00 3.09998E+00 5.00000E-01
YMom 2.47937E-01 4.03328E+00 2.01664E+00 4.48522E+00 3.10953E+00 5.00000E-01
YMom 2.47937E-01 4.03328E+00 2.01664E+00 4.48522E+00 3.10953E+00 5.00000E-01
YMom 2.47761E-01 4.03614E+00 2.01807E+00 4.52810E+00 3.12001E+00 5.00000E-01
YMom 2.47761E-01 4.03614E+00 2.01807E+00 4.52810E+00 3.12001E+00 5.00000E-01
YMom 2.47568E-01 4.03930E+00 2.01965E+00 4.57523E+00 3.13154E+00 5.00000E-01
YMom 2.47568E-01 4.03930E+00 2.01965E+00 4.57523E+00 3.13154E+00 5.00000E-01
YMom 2.47355E-01 4.04276E+00 2.02138E+00 4.62708E+00 3.14421E+00 5.00000E-01
YMom 2.47355E-01 4.04276E+00 2.02138E+00 4.62708E+00 3.14421E+00 5.00000E-01
YMom 2.47122E-01 4.04658E+00 2.02329E+00 4.68414E+00 3.15816E+00 5.00000E-01
YMom 2.47122E-01 4.04658E+00 2.02329E+00 4.68414E+00 3.15816E+00 5.00000E-01
YMom 2.46866E-01 4.05078E+00 2.02539E+00 4.74698E+00 3.17352E+00 5.00000E-01
YMom 2.46866E-01 4.05078E+00 2.02539E+00 4.74698E+00 3.17352E+00 5.00000E-01
YMom 2.46584E-01 4.05541E+00 2.02771E+00 4.81620E+00 3.19045E+00 5.00000E-01
YMom 2.46584E-01 4.05541E+00 2.02771E+00 4.81620E+00 3.19045E+00 5.00000E-01
YMom 2.46274E-01 4.06051E+00 2.03026E+00 4.89246E+00 3.20909E+00 5.00000E-01
YMom 2.46274E-01 4.06051E+00 2.03026E+00 4.89246E+00 3.20909E+00 5.00000E-01
YMom 2.45934E-01 4.06614E+00 2.03307E+00 4.97652E+00 3.22964E+00 5.00000E-01
YMom 2.45934E-01 4.06614E+00 2.03307E+00 4.97652E+00 3.22964E+00 5.00000E-01
YMom 2.45560E-01 4.07233E+00 2.03617E+00 5.06917E+00 3.25229E+00 5.00000E-01
YMom 2.45560E-01 4.07233E+00 2.03617E+00 5.06917E+00 3.25229E+00 5.00000E-01
YMom 2.45148E-01 4.07916E+00 2.03958E+00 5.17132E+00 3.27727E+00 5.00000E-01
YMom 2.45148E-01 4.07916E+00 2.03958E+00 5.17132E+00 3.27727E+00 5.00000E-01
YMom 2.44696E-01 4.08670E+00 2.04335E+00 5.28397E+00 3.30481E+00 5.00000E-01
YMom 2.44696E-01 4.08670E+00 2.04335E+00 5.28397E+00 3.30481E+00 5.00000E-01
YMom 2.44200E-01 4.09501E+00 2.04751E+00 5.40823E+00 3.33519E+00 5.00000E-01
YMom 2.44200E-01 4.09501E+00 2.04751E+00 5.40823E+00 3.33519E+00 5.00000E-01
YMom 2.43654E-01 4.10418E+00 2.05209E+00 5.54535E+00 3.36871E+00 5.00000E-01
YMom 2.43654E-01 4.10418E+00 2.05209E+00 5.54535E+00 3.36871E+00 5.00000E-01
YMom 2.43054E-01 4.11430E+00 2.05715E+00 5.69669E+00 3.40571E+00 5.00000E-01
YMom 2.43054E-01 4.11430E+00 2.05715E+00 5.69669E+00 3.40571E+00 5.00000E-01
YMom 2.42396E-01 4.12548E+00 2.06274E+00 5.86379E+00 3.44657E+00 5.00000E-01
YMom 2.42396E-01 4.12548E+00 2.06274E+00 5.86379E+00 3.44657E+00 5.00000E-01
YMom 2.41673E-01 4.13783E+00 2.06891E+00 6.04836E+00 3.49169E+00 5.00000E-01
YMom 2.41673E-01 4.13783E+00 2.06891E+00 6.04836E+00 3.49169E+00 5.00000E-01
YMom 2.40879E-01 4.15147E+00 2.07574E+00 6.25232E+00 3.54156E+00 5.00000E-01
YMom 2.40879E-01 4.15147E+00 2.07574E+00 6.25232E+00 3.54156E+00 5.00000E-01
YMom 2.40007E-01 4.16655E+00 2.08328E+00 6.47779E+00 3.59669E+00 5.00000E-01
YMom 2.40007E-01 4.16655E+00 2.08328E+00 6.47779E+00 3.59669E+00 5.00000E-01
YMom 2.39049E-01 4.18324E+00 2.09162E+00 6.72718E+00 3.65766E+00 5.00000E-01
YMom 2.39049E-01 4.18324E+00 2.09162E+00 6.72718E+00 3.65766E+00 5.00000E-01
YMom 2.37999E-01 4.20170E+00 2.10085E+00 7.00319E+00 3.72515E+00 5.00000E-01
YMom 2.37999E-01 4.20170E+00 2.10085E+00 7.00319E+00 3.72515E+00 5.00000E-01
YMom 2.36846E-01 4.22215E+00 2.11107E+00 7.30883E+00 3.79988E+00 5.00000E-01
YMom 2.36846E-01 4.22215E+00 2.11107E+00 7.30883E+00 3.79988E+00 5.00000E-01
YMom 2.35582E-01 4.24481E+00 2.12241E+00 7.64753E+00 3.88270E+00 5.00000E-01
YMom 2.35582E-01 4.24481E+00 2.12241E+00 7.64753E+00 3.88270E+00 5.00000E-01
YMom 2.34195E-01 4.26994E+00 2.13497E+00 8.02314E+00 3.97454E+00 5.00000E-01
YMom 2.34195E-01 4.26994E+00 2.13497E+00 8.02314E+00 3.97454E+00 5.00000E-01
YMom 2.32675E-01 4.29784E+00 2.14892E+00 8.44004E+00 4.07649E+00 5.00000E-01
YMom 2.32675E-01 4.29784E+00 2.14892E+00 8.44004E+00 4.07649E+00 5.00000E-01
YMom 2.31009E-01 4.32883E+00 2.16442E+00 8.90318E+00 4.18974E+00 5.00000E-01
YMom 2.31009E-01 4.32883E+00 2.16442E+00 8.90318E+00 4.18974E+00 5.00000E-01
YMom 2.29184E-01 4.36330E+00 2.18165E+00 9.41823E+00 4.31569E+00 5.00000E-01
YMom 2.29184E-01 4.36330E+00 2.18165E+00 9.41823E+00 4.31569E+00 5.00000E-01
YMom 2.27186E-01 4.40168E+00 2.20084E+00 9.99166E+00 4.45592E+00 5.00000E-01
YMom 2.27186E-01 4.40168E+00 2.20084E+00 9.99166E+00 4.45592E+00 5.00000E-01
YMom 2.24999E-01 4.44446E+00 2.22223E+00 1.06309E+01 4.61225E+00 5.00000E-01
YMom 2.24999E-01 4.44446E+00 2.22223E+00 1.06309E+01 4.61225E+00 5.00000E-01
YMom 2.22607E-01 4.49223E+00 2.24611E+00 1.13444E+01 4.78675E+00 5.00000E-01
YMom 2.22607E-01 4.49223E+00 2.24611E+00 1.13444E+01 4.78675E+00 5.00000E-01
YMom 2.19998E-01 4.54550E+00 2.27275E+00 1.21400E+01 4.98134E+00 5.00000E-01
YMom 2.19998E-01 4.54550E+00 2.27275E+00 1.21400E+01 4.98134E+00 5.00000E-01
YMom 2.17207E-01 4.60391E+00 2.30196E+00 1.30124E+01 5.19473E+00 5.00000E-01
YMom 2.17207E-01 4.60391E+00 2.30196E+00 1.30124E+01 5.19473E+00 5.00000E-01
YMom 2.14226E-01 4.66796E+00 2.33398E+00 1.39687E+01 5.42866E+00 5.00000E-01
YMom 2.14226E-01 4.66796E+00 2.33398E+00 1.39687E+01 5.42866E+00 5.00000E-01
YMom 2.11053E-01 4.73815E+00 2.36907E+00 1.50165E+01 5.68499E+00 5.00000E-01
YMom 2.11053E-01 4.73815E+00 2.36907E+00 1.50165E+01 5.68499E+00 5.00000E-01
YMom 2.07683E-01 4.81503E+00 2.40752E+00 1.61641E+01 5.96575E+00 5.00000E-01
YMom 2.07683E-01 4.81503E+00 2.40752E+00 1.61641E+01 5.96575E+00 5.00000E-01
YMom 2.04184E-01 4.89756E+00 2.44878E+00 1.73955E+01 6.26705E+00 5.00000E-01
YMom 2.04184E-01 4.89756E+00 2.44878E+00 1.73955E+01 6.26705E+00 5.00000E-01
YMom 2.00851E-01 4.97881E+00 2.48940E+00 1.86076E+01 6.56367E+00 5.00000E-01
YMom 2.00851E-01 4.97881E+00 2.48940E+00 1.86076E+01 6.56367E+00 5.00000E-01
YMom 1.97674E-01 5.05883E+00 2.52942E+00 1.98012E+01 6.85577E+00 5.00000E-01
YMom 1.97674E-01 5.05883E+00 2.52942E+00 1.98012E+01 6.85577E+00 5.00000E-01
YMom 1.94645E-01 5.13757E+00 2.56879E+00 2.09752E+01 7.14311E+00 5.00000E-01
YMom 1.94645E-01 5.13757E+00 2.56879E+00 2.09752E+01 7.14311E+00 5.00000E-01
YMom 1.91745E-01 5.21526E+00 2.60763E+00 2.21332E+01 7.42658E+00 5.00000E-01
YMom 1.91745E-01 5.21526E+00 2.60763E+00 2.21332E+01 7.42658E+00 5.00000E-01
YMom 1.88960E-01 5.29212E+00 2.64606E+00 2.32785E+01 7.70697E+00 5.00000E-01
YMom 1.88960E-01 5.29212E+00 2.64606E+00 2.32785E+01 7.70697E+00 5.00000E-01
YMom 1.86277E-01 5.36834E+00 2.68417E+00 2.44140E+01 7.98499E+00 5.00000E-01
YMom 1.86277E-01 5.36834E+00 2.68417E+00 2.44140E+01 7.98499E+00 5.00000E-01
YMom 1.83685E-01 5.44410E+00 2.72205E+00 2.55423E+01 8.26127E+00 5.00000E-01
YMom 1.83685E-01 5.44410E+00 2.72205E+00 2.55423E+01 8.26127E+00 5.00000E-01
YMom 1.81174E-01 5.51954E+00 2.75977E+00 2.66654E+01 8.53634E+00 5.00000E-01
YMom 1.81174E-01 5.51954E+00 2.75977E+00 2.66654E+01 8.53634E+00 5.00000E-01
YMom 1.78738E-01 5.59479E+00 2.79740E+00 2.77854E+01 8.81066E+00 5.00000E-01
YMom 1.78738E-01 5.59479E+00 2.79740E+00 2.77854E+01 8.81066E+00 5.00000E-01
YMom 1.76368E-01 5.66997E+00 2.83498E+00 2.89037E+01 9.08463E+00 5.00000E-01
YMom 1.76368E-01 5.66997E+00 2.83498E+00 2.89037E+01 9.08463E+00 5.00000E-01
YMom 1.74060E-01 5.74516E+00 2.87258E+00 3.00219E+01 9.35861E+00 5.00000E-01
YMom 1.74060E-01 5.74516E+00 2.87258E+00 3.00219E+01 9.35861E+00 5.00000E-01
YMom 1.71808E-01 5.82046E+00 2.91023E+00 3.11413E+01 9.63292E+00 5.00000E-01
YMom 1.71808E-01 5.82046E+00 2.91023E+00 3.11413E+01 9.63292E+00 5.00000E-01
YMom 1.69608E-01 5.89595E+00 2.94797E+00 3.22629E+01 9.90783E+00 5.00000E-01
YMom 1.69608E-01 5.89595E+00 2.94797E+00 3.22629E+01 9.90783E+00 5.00000E-01
YMom 1.67457E-01 5.97168E+00 2.98584E+00 3.33879E+01 1.01836E+01 5.00000E-01
YMom 1.67457E-01 5.97168E+00 2.98584E+00 3.33879E+01 1.01836E+01 5.00000E-01
YMom 1.65351E-01 6.04774E+00 3.02387E+00 3.45169E+01 1.04604E+01 5.00000E-01
YMom 1.65351E-01 6.04774E+00 3.02387E+00 3.45169E+01 1.04604E+01 5.00000E-01
YMom 1.63287E-01 6.12417E+00 3.06209E+00 3.56510E+01 1.07385E+01 5.00000E-01
YMom 1.63287E-01 6.12417E+00 3.06209E+00 3.56510E+01 1.07385E+01 5.00000E-01
YMom 1.61264E-01 6.20103E+00 3.10051E+00 3.67908E+01 1.10181E+01 5.00000E-01
YMom 1.61264E-01 6.20103E+00 3.10051E+00 3.67908E+01 1.10181E+01 5.00000E-01
YMom 1.59277E-01 6.27836E+00 3.13918E+00 3.79369E+01 1.12993E+01 5.00000E-01
YMom 1.59277E-01 6.27836E+00 3.13918E+00 3.79369E+01 1.12993E+01 5.00000E-01
YMom 1.57327E-01 6.35620E+00 3.17810E+00 3.90900E+01 1.15823E+01 5.00000E-01
YMom 1.57327E-01 6.35620E+00 3.17810E+00 3.90900E+01 1.15823E+01 5.00000E-01
YMom 1.55410E-01 6.43460E+00 3.21730E+00 4.02505E+01 1.18671E+01 5.00000E-01
YMom 1.55410E-01 6.43460E+00 3.21730E+00 4.02505E+01 1.18671E+01 5.00000E-01
YMom 1.53525E-01 6.51358E+00 3.25679E+00 4.14190E+01 1.21540E+01 5.00000E-01
YMom 1.53525E-01 6.51358E+00 3.25679E+00 4.14190E+01 1.21540E+01 5.00000E-01
YMom 1.51672E-01 6.59320E+00 3.29660E+00 4.25958E+01 1.24431E+01 5.00000E-01
YMom 1.51672E-01 6.59320E+00 3.29660E+00 4.25958E+01 1.24431E+01 5.00000E-01
YMom 1.49847E-01 6.67346E+00 3.33673E+00 4.37814E+01 1.27343E+01 5.00000E-01
YMom 1.49847E-01 6.67346E+00 3.33673E+00 4.37814E+01 1.27343E+01 5.00000E-01
YMom 1.48051E-01 6.75441E+00 3.37720E+00 4.49761E+01 1.30279E+01 5.00000E-01
YMom 1.48051E-01 6.75441E+00 3.37720E+00 4.49761E+01 1.30279E+01 5.00000E-01
YMom 1.46283E-01 6.83606E+00 3.41803E+00 4.61801E+01 1.33239E+01 5.00000E-01
YMom 1.46283E-01 6.83606E+00 3.41803E+00 4.61801E+01 1.33239E+01 5.00000E-01
YMom 1.44541E-01 6.91845E+00 3.45922E+00 4.73938E+01 1.36224E+01 5.00000E-01
YMom 1.44541E-01 6.91845E+00 3.45922E+00 4.73938E+01 1.36224E+01 5.00000E-01
YMom 1.42825E-01 7.00159E+00 3.50079E+00 4.86174E+01 1.39234E+01 5.00000E-01
YMom 1.42825E-01 7.00159E+00 3.50079E+00 4.86174E+01 1.39234E+01 5.00000E-01
YMom 1.41133E-01 7.08550E+00 3.54275E+00 4.98509E+01 1.42271E+01 5.00000E-01
YMom 1.41133E-01 7.08550E+00 3.54275E+00 4.98509E+01 1.42271E+01 5.00000E-01
YMom 1.39466E-01 7.17020E+00 3.58510E+00 5.10947E+01 1.45333E+01 5.00000E-01
YMom 1.39466E-01 7.17020E+00 3.58510E+00 5.10947E+01 1.45333E+01 5.00000E-01
YMom 1.37822E-01 7.25572E+00 3.62786E+00 5.23487E+01 1.48423E+01 5.00000E-01
YMom 1.37822E-01 7.25572E+00 3.62786E+00 5.23487E+01 1.48423E+01 5.00000E-01
YMom 1.36202E-01 7.34205E+00 3.67103E+00 5.36131E+01 1.51540E+01 5.00000E-01
YMom 1.36202E-01 7.34205E+00 3.67103E+00 5.36131E+01 1.51540E+01 5.00000E-01
YMom 1.34604E-01 7.42923E+00 3.71461E+00 5.48880E+01 1.54684E+01 5.00000E-01
YMom 1.34604E-01 7.42923E+00 3.71461E+00 5.48880E+01 1.54684E+01 5.00000E-01
YMom 1.33027E-01 7.51725E+00 3.75862E+00 5.61732E+01 1.57855E+01 5.00000E-01
YMom 1.33027E-01 7.51725E+00 3.75862E+00 5.61732E+01 1.57855E+01 5.00000E-01
YMom 1.31473E-01 7.60613E+00 3.80306E+00 5.74687E+01 1.61055E+01 5.00000E-01
YMom 1.31473E-01 7.60613E+00 3.80306E+00 5.74687E+01 1.61055E+01 5.00000E-01
YMom 1.29940E-01 7.69587E+00 3.84794E+00 5.87746E+01 1.64282E+01 5.00000E-01
YMom 1.29940E-01 7.69587E+00 3.84794E+00 5.87746E+01 1.64282E+01 5.00000E-01
YMom 1.28428E-01 7.78649E+00 3.89325E+00 6.00905E+01 1.67536E+01 5.00000E-01
YMom 1.28428E-01 7.78649E+00 3.89325E+00 6.00905E+01 1.67536E+01 5.00000E-01
YMom 1.26936E-01 7.87799E+00 3.93900E+00 6.14164E+01 1.70818E+01 5.00000E-01
YMom 1.26936E-01 7.87799E+00 3.93900E+00 6.14164E+01 1.70818E+01 5.00000E-01
YMom 1.25465E-01 7.97037E+00 3.98519E+00 6.27521E+01 1.74127E+01 5.00000E-01
YMom 1.25465E-01 7.97037E+00 3.98519E+00 6.27521E+01 1.74127E+01 5.00000E-01
YMom 1.24014E-01 8.06363E+00 4.03182E+00 6.40971E+01 1.77463E+01 5.00000E-01
YMom 1.24014E-01 8.06363E+00 4.03182E+00 6.40971E+01 1.77463E+01 5.00000E-01
YMom 1.22583E-01 8.15777E+00 4.07888E+00 6.54513E+01 1.80824E+01 5.00000E-01
YMom 1.22583E-01 8.15777E+00 4.07888E+00 6.54513E+01 1.80824E+01 5.00000E-01
YMom 1.21171E-01 8.25278E+00 4.12639E+00 6.68140E+01 1.84211E+01 5.00000E-01
YMom 1.21171E-01 8.25278E+00 4.12639E+00 6.68140E+01 1.84211E+01 5.00000E-01
YMom 1.19780E-01 8.34866E+00 4.17433E+00 6.81850E+01 1.87622E+01 5.00000E-01
YMom 1.19780E-01 8.34866E+00 4.17433E+00 6.81850E+01 1.87622E+01 5.00000E-01
YMom 1.18408E-01 8.44539E+00 4.22270E+00 6.95635E+01 1.91056E+01 5.00000E-01
YMom 1.18408E-01 8.44539E+00 4.22270E+00 6.95635E+01 1.91056E+01 5.00000E-01
YMom 1.17055E-01 8.54296E+00 4.27148E+00 7.09489E+01 1.94513E+01 5.00000E-01
YMom 1.17055E-01 8.54296E+00 4.27148E+00 7.09489E+01 1.94513E+01 5.00000E-01
YMom 1.15723E-01 8.64135E+00 4.32068E+00 7.23404E+01 1.97990E+01 5.00000E-01
YMom 1.15723E-01 8.64135E+00 4.32068E+00 7.23404E+01 1.97990E+01 5.00000E-01
YMom 1.14409E-01 8.74054E+00 4.37027E+00 7.37372E+01 2.01486E+01 5.00000E-01
YMom 1.14409E-01 8.74054E+00 4.37027E+00 7.37372E+01 2.01486E+01 5.00000E-01
YMom 1.13116E-01 8.84048E+00 4.42024E+00 7.51381E+01 2.04999E+01 5.00000E-01
YMom 1.13116E-01 8.84048E+00 4.42024E+00 7.51381E+01 2.04999E+01 5.00000E-01
YMom 1.11843E-01 8.94114E+00 4.47057E+00 7.65422E+01 2.08527E+01 5.00000E-01
YMom 1.11843E-01 8.94114E+00 4.47057E+00 7.65422E+01 2.08527E+01 5.00000E-01
YMom 1.10589E-01 9.04248E+00 4.52124E+00 7.79478E+01 2.12067E+01 5.00000E-01
YMom 1.10589E-01 9.04248E+00 4.52124E+00 7.79478E+01 2.12067E+01 5.00000E-01
YMom 1.09479E-01 9.13420E+00 4.56710E+00 7.92134E+01 2.15260E+01 5.00000E-01
YMom 1.09479E-01 9.13420E+00 4.56710E+00 7.92134E+01 2.15260E+01 5.00000E-01
YMom 1.08391E-01 9.22587E+00 4.61294E+00 8.04708E+01 2.18440E+01 5.00000E-01
YMom 1.08391E-01 9.22587E+00 4.61294E+00 8.04708E+01 2.18440E+01 5.00000E-01
YMom 1.07323E-01 9.31771E+00 4.65885E+00 8.17228E+01 2.21615E+01 5.00000E-01
YMom 1.07323E-01 9.31771E+00 4.65885E+00 8.17228E+01 2.21615E+01 5.00000E-01
YMom 1.06273E-01 9.40974E+00 4.70487E+00 8.29693E+01 2.24784E+01 5.00000E-01
YMom 1.06273E-01 9.40974E+00 4.70487E+00 8.29693E+01 2.24784E+01 5.00000E-01
YMom 1.05242E-01 9.50192E+00 4.75096E+00 8.42090E+01 2.27944E+01 5.00000E-01
YMom 1.05242E-01 9.50192E+00 4.75096E+00 8.42090E+01 2.27944E+01 5.00000E-01
YMom 1.04230E-01 9.59413E+00 4.79707E+00 8.54400E+01 2.31092E+01 5.00000E-01
YMom 1.04230E-01 9.59413E+00 4.79707E+00 8.54400E+01 2.31092E+01 5.00000E-01
YMom 1.03239E-01 9.68626E+00 4.84313E+00 8.66600E+01 2.34221E+01 5.00000E-01
YMom 1.03239E-01 9.68626E+00 4.84313E+00 8.66600E+01 2.34221E+01 5.00000E-01
YMom 1.02269E-01 9.77816E+00 4.88908E+00 8.78663E+01 2.37327E+01 5.00000E-01
YMom 1.02269E-01 9.77816E+00 4.88908E+00 8.78663E+01 2.37327E+01 5.00000E-01
YMom 1.01321E-01 9.86961E+00 4.93480E+00 8.90558E+01 2.40401E+01 5.00000E-01
YMom 1.01321E-01 9.86961E+00 4.93480E+00 8.90558E+01 2.40401E+01 5.00000E-01
YMom 1.00398E-01 9.96036E+00 4.98018E+00 9.02246E+01 2.43433E+01 5.00000E-01
YMom 1.00398E-01 9.96036E+00 4.98018E+00 9.02246E+01 2.43433E+01 5.00000E-01
YMom 9.95020E-02 1.00501E+01 5.02503E+00 9.13678E+01 2.46412E+01 5.00000E-01
YMom 9.95020E-02 1.00501E+01 5.02503E+00 9.13678E+01 2.46412E+01 5.00000E-01
YMom 9.86366E-02 1.01382E+01 5.06911E+00 9.24793E+01 2.49322E+01 5.00000E-01
YMom 9.86366E-02 1.01382E+01 5.06911E+00 9.24793E+01 2.49322E+01 5.00000E-01
YMom 9.78069E-02 1.02242E+01 5.11212E+00 9.35509E+01 2.52141E+01 5.00000E-01
YMom 9.78069E-02 1.02242E+01 5.11212E+00 9.35509E+01 2.52141E+01 5.00000E-01
YMom 9.70201E-02 1.03071E+01 5.15357E+00 9.45715E+01 2.54840E+01 5.00000E-01
YMom 9.70201E-02 1.03071E+01 5.15357E+00 9.45715E+01 2.54840E+01 5.00000E-01
YMom 9.62869E-02 1.03856E+01 5.19281E+00 9.55258E+01 2.57376E+01 5.00000E-01
YMom 9.62869E-02 1.03856E+01 5.19281E+00 9.55258E+01 2.57376E+01 5.00000E-01
YMom 9.56240E-02 1.04576E+01 5.22881E+00 9.63906E+01 2.59686E+01 5.00000E-01
YMom 9.56240E-02 1.04576E+01 5.22881E+00 9.63906E+01 2.59686E+01 5.00000E-01
YMom 9.50564E-02 1.05201E+01 5.26003E+00 9.71319E+01 2.61677E+01 5.00000E-01
YMom 9.50564E-02 1.05201E+01 5.26003E+00 9.71319E+01 2.61677E+01 5.00000E-01
YMom 9.46224E-02 1.05683E+01 5.28416E+00 9.76992E+01 2.63206E+01 5.00000E-01
YMom 9.46224E-02 1.05683E+01 5.28416E+00 9.76992E+01 2.63206E+01 5.00000E-01
YMom 9.43658E-02 1.05971E+01 5.29853E+00 9.80348E+01 2.64114E+01 5.00000E-01
YMom 9.43658E-02 1.05971E+01 5.29853E+00 9.80348E+01 2.64114E+01 5.00000E-01
YMom 9.42762E-02 1.06071E+01 5.30356E+00 9.81521E+01 2.64431E+01 5.00000E-01
YMom 9.42762E-02 1.06071E+01 5.30356E+00 9.81521E+01 2.64431E+01 5.00000E-01
YMom 9.42589E-02 1.06091E+01 5.30454E+00 9.81748E+01 2.64493E+01 5.00000E-01
YMom 9.42589E-02 1.06091E+01 5.30454E+00 9.81748E+01 2.64493E+01 5.00000E-01
YMom 9.42572E-02 1.06093E+01 5.30464E+00 9.81772E+01 2.64499E+01 5.00000E-01
YMom 9.42572E-02 1.06093E+01 5.30464E+00 9.81772E+01 2.64499E+01 5.00000E-01
YMom 9.42571E-02 1.06093E+01 5.30464E+00 9.81773E+01 2.64499E+01 5.00000E-01
YMom 9.42571E-02 1.06093E+01 5.30464E+00 9.81773E+01 2.64499E+01 5.00000E-01
YMom 9.42571E-02 1.06093E+01 5.30464E+00 9.81773E+01 2.64499E+01 5.00000E-01
YMom 9.42571E-02 1.06093E+01 5.30464E+00 9.81773E+01 2.64499E+01 5.00000E-01
YMom 9.42571E-02 1.06093E+01 5.30464E+00 9.81773E+01 2.64499E+01 5.00000E-01
YMom 9.42571E-02 1.06093E+01 5.30464E+00 9.81773E+01 2.64499E+01 5.00000E-01
YMom 9.42571E-02 1.06093E+01 5.30464E+00 9.81773E+01 2.64499E+01 5.00000E-01
YMom 9.42571E-02 1.06093E+01 5.30464E+00 9.81773E+01 2.64499E+01 5.00000E-01
