1 0 1
1 1 0
2 1 1
3 1 2
3 2 1
3 3 0
4 1 3
4 2 2
4 3 1
5 1 4
5 2 3
5 3 2
5 4 1
6 1 5
6 2 4
6 3 3
6 4 2
6 5 1
7 1 6
7 2 5
7 3 4
7 4 3
7 5 2
8 2 6
8 3 5
8 4 4
8 5 3
8 6 2
9 2 7
9 3 6
9 4 5
9 5 4
9 6 3
10 2 8
10 3 7
10 4 6
10 5 5
10 6 4
10 7 3
11 3 8
11 4 7
11 5 6
11 6 5
11 7 4
12 3 9
12 4 8
12 5 7
12 6 6
12 7 5
12 8 4
13 3 10
13 4 9
13 5 8
13 6 7
13 7 6
13 8 5
14 4 10
14 5 9
14 6 8
14 7 7
14 8 6
14 9 5
15 4 11
15 5 10
15 6 9
15 7 8
15 8 7
15 9 6
16 4 12
16 5 11
16 6 10
16 7 9
16 8 8
16 9 7
16 10 6
17 5 12
17 6 11
17 7 10
17 8 9
17 9 8
17 10 7
18 5 13
18 6 12
18 7 11
18 8 10
18 9 9
18 10 8
18 11 7
19 5 14
19 6 13
19 7 12
19 8 11
19 9 10
19 10 9
19 11 8
19 12 7
20 5 15
20 6 14
20 7 13
20 8 12
20 9 11
20 10 10
20 11 9
20 12 8
21 5 16
21 6 15
21 7 14
21 8 13
21 9 12
21 10 11
21 11 10
21 12 9
21 13 8
22 6 16
22 7 15
22 8 14
22 9 13
22 10 12
22 11 11
22 12 10
22 13 9
22 14 8
23 6 17
23 7 16
23 8 15
23 9 14
23 10 13
23 11 12
23 12 11
23 13 10
23 14 9
24 7 17
24 8 16
24 9 15
24 10 14
24 11 13
24 12 12
24 13 11
24 14 10
24 15 9
25 7 18
25 8 17
25 9 16
25 10 15
25 11 14
25 12 13
25 13 12
25 14 11
25 15 10
26 8 18
26 9 17
26 10 16
26 11 15
26 12 14
26 13 13
26 14 12
26 15 11
26 16 10
27 8 19
27 9 18
27 10 17
27 11 16
27 12 15
27 13 14
27 14 13
27 15 12
27 16 11
28 8 20
28 9 19
28 10 18
28 11 17
28 12 16
28 13 15
28 14 14
28 15 13
28 16 12
28 17 11
29 9 20
29 10 19
29 11 18
29 12 17
29 13 16
29 14 15
29 15 14
29 16 13
29 17 12
30 9 21
30 10 20
30 11 19
30 12 18
30 13 17
30 14 16
30 15 15
30 16 14
30 17 13
30 18 12
31 9 22
31 10 21
31 11 20
31 12 19
31 13 18
31 14 17
31 15 16
31 16 15
31 17 14
31 18 13
32 10 22
32 11 21
32 12 20
32 13 19
32 14 18
32 15 17
32 16 16
32 17 15
32 18 14
32 19 13
33 10 23
33 11 22
33 12 21
33 13 20
33 14 19
33 15 18
33 16 17
33 17 16
33 18 15
33 19 14
34 10 24
34 11 23
34 12 22
34 13 21
34 14 20
34 15 19
34 16 18
34 17 17
34 18 16
34 19 15
34 20 14
35 11 24
35 12 23
35 13 22
35 14 21
35 15 20
35 16 19
35 17 18
35 18 17
35 19 16
35 20 15
36 11 25
36 12 24
36 13 23
36 14 22
36 15 21
36 16 20
36 17 19
36 18 18
36 19 17
36 20 16
36 21 15
37 11 26
37 12 25
37 13 24
37 14 23
37 15 22
37 16 21
37 17 20
37 18 19
37 19 18
37 20 17
37 21 16
38 12 26
38 13 25
38 14 24
38 15 23
38 16 22
38 17 21
38 18 20
38 19 19
38 20 18
38 21 17
38 22 16
39 12 27
39 13 26
39 14 25
39 15 24
39 16 23
39 17 22
39 18 21
39 19 20
39 20 19
39 21 18
39 22 17
40 12 28
40 13 27
40 14 26
40 15 25
40 16 24
40 17 23
40 18 22
40 19 21
40 20 20
40 21 19
40 22 18
40 23 17
41 13 28
41 14 27
41 15 26
41 16 25
41 17 24
41 18 23
41 19 22
41 20 21
41 21 20
41 22 19
41 23 18
42 13 29
42 14 28
42 15 27
42 16 26
42 17 25
42 18 24
42 19 23
42 20 22
42 21 21
42 22 20
42 23 19
42 24 18
43 13 30
43 14 29
43 15 28
43 16 27
43 17 26
43 18 25
43 19 24
43 20 23
43 21 22
43 22 21
43 23 20
43 24 19
44 14 30
44 15 29
44 16 28
44 17 27
44 18 26
44 19 25
44 20 24
44 21 23
44 22 22
44 23 21
44 24 20
44 25 19
45 14 31
45 15 30
45 16 29
45 17 28
45 18 27
45 19 26
45 20 25
45 21 24
45 22 23
45 23 22
45 24 21
45 25 20
45 26 19
46 15 31
46 16 30
46 17 29
46 18 28
46 19 27
46 20 26
46 21 25
46 22 24
46 23 23
46 24 22
46 25 21
46 26 20
47 15 32
47 16 31
47 17 30
47 18 29
47 19 28
47 20 27
47 21 26
47 22 25
47 23 24
47 24 23
47 25 22
47 26 21
47 27 20
48 16 32
48 17 31
48 18 30
48 19 29
48 20 28
48 21 27
48 22 26
48 23 25
48 24 24
48 25 23
48 26 22
48 27 21
48 28 20
49 16 33
49 17 32
49 18 31
49 19 30
49 20 29
49 21 28
49 22 27
49 23 26
49 24 25
49 25 24
49 26 23
49 27 22
49 28 21
50 17 33
50 18 32
50 19 31
50 20 30
50 21 29
50 22 28
50 23 27
50 24 26
50 25 25
50 26 24
50 27 23
50 28 22
51 17 34
51 18 33
51 19 32
51 20 31
51 21 30
51 22 29
51 23 28
51 24 27
51 25 26
51 26 25
51 27 24
51 28 23
52 18 34
52 19 33
52 20 32
52 21 31
52 22 30
52 23 29
52 24 28
52 25 27
52 26 26
52 27 25
52 28 24
52 29 23
53 18 35
53 19 34
53 20 33
53 21 32
53 22 31
53 23 30
53 24 29
53 25 28
53 26 27
53 27 26
53 28 25
53 29 24
54 19 35
54 20 34
54 21 33
54 22 32
54 23 31
54 24 30
54 25 29
54 26 28
54 27 27
54 28 26
54 29 25
54 30 24
55 19 36
55 20 35
55 21 34
55 22 33
55 23 32
55 24 31
55 25 30
55 26 29
55 27 28
55 28 27
55 29 26
55 30 25
56 19 37
56 20 36
56 21 35
56 22 34
56 23 33
56 24 32
56 25 31
56 26 30
56 27 29
56 28 28
56 29 27
56 30 26
56 31 25
57 20 37
57 21 36
57 22 35
57 23 34
57 24 33
57 25 32
57 26 31
57 27 30
57 28 29
57 29 28
57 30 27
57 31 26
58 20 38
58 21 37
58 22 36
58 23 35
58 24 34
58 25 33
58 26 32
58 27 31
58 28 30
58 29 29
58 30 28
58 31 27
58 32 26
59 21 38
59 22 37
59 23 36
59 24 35
59 25 34
59 26 33
59 27 32
59 28 31
59 29 30
59 30 29
59 31 28
59 32 27
60 21 39
60 22 38
60 23 37
60 24 36
60 25 35
60 26 34
60 27 33
60 28 32
60 29 31
60 30 30
60 31 29
60 32 28
60 33 27
61 21 40
61 22 39
61 23 38
61 24 37
61 25 36
61 26 35
61 27 34
61 28 33
61 29 32
61 30 31
61 31 30
61 32 29
61 33 28
62 22 40
62 23 39
62 24 38
62 25 37
62 26 36
62 27 35
62 28 34
62 29 33
62 30 32
62 31 31
62 32 30
62 33 29
63 22 41
63 23 40
63 24 39
63 25 38
63 26 37
63 27 36
63 28 35
63 29 34
63 30 33
63 31 32
63 32 31
63 33 30
64 23 41
64 24 40
64 25 39
64 26 38
64 27 37
64 28 36
64 29 35
64 30 34
64 31 33
64 32 32
64 33 31
64 34 30
65 23 42
65 24 41
65 25 40
65 26 39
65 27 38
65 28 37
65 29 36
65 30 35
65 31 34
65 32 33
65 33 32
65 34 31
66 23 43
66 24 42
66 25 41
66 26 40
66 27 39
66 28 38
66 29 37
66 30 36
66 31 35
66 32 34
66 33 33
66 34 32
67 24 43
67 25 42
67 26 41
67 27 40
67 28 39
67 29 38
67 30 37
67 31 36
67 32 35
67 33 34
67 34 33
67 35 32
68 24 44
68 25 43
68 26 42
68 27 41
68 28 40
68 29 39
68 30 38
68 31 37
68 32 36
68 33 35
68 34 34
68 35 33
69 25 44
69 26 43
69 27 42
69 28 41
69 29 40
69 30 39
69 31 38
69 32 37
69 33 36
69 34 35
69 35 34
69 36 33
70 25 45
70 26 44
70 27 43
70 28 42
70 29 41
70 30 40
70 31 39
70 32 38
70 33 37
70 34 36
70 35 35
70 36 34
71 25 46
71 26 45
71 27 44
71 28 43
71 29 42
71 30 41
71 31 40
71 32 39
71 33 38
71 34 37
71 35 36
71 36 35
71 37 34
72 26 46
72 27 45
72 28 44
72 29 43
72 30 42
72 31 41
72 32 40
72 33 39
72 34 38
72 35 37
72 36 36
72 37 35
73 26 47
73 27 46
73 28 45
73 29 44
73 30 43
73 31 42
73 32 41
73 33 40
73 34 39
73 35 38
73 36 37
73 37 36
73 38 35
74 26 48
74 27 47
74 28 46
74 29 45
74 30 44
74 31 43
74 32 42
74 33 41
74 34 40
74 35 39
74 36 38
74 37 37
74 38 36
75 27 48
75 28 47
75 29 46
75 30 45
75 31 44
75 32 43
75 33 42
75 34 41
75 35 40
75 36 39
75 37 38
75 38 37
76 27 49
76 28 48
76 29 47
76 30 46
76 31 45
76 32 44
76 33 43
76 34 42
76 35 41
76 36 40
76 37 39
76 38 38
76 39 37
77 28 49
77 29 48
77 30 47
77 31 46
77 32 45
77 33 44
77 34 43
77 35 42
77 36 41
77 37 40
77 38 39
77 39 38
78 28 50
78 29 49
78 30 48
78 31 47
78 32 46
78 33 45
78 34 44
78 35 43
78 36 42
78 37 41
78 38 40
78 39 39
78 40 38
79 28 51
79 29 50
79 30 49
79 31 48
79 32 47
79 33 46
79 34 45
79 35 44
79 36 43
79 37 42
79 38 41
79 39 40
79 40 39
80 29 51
80 30 50
80 31 49
80 32 48
80 33 47
80 34 46
80 35 45
80 36 44
80 37 43
80 38 42
80 39 41
80 40 40
81 29 52
81 30 51
81 31 50
81 32 49
81 33 48
81 34 47
81 35 46
81 36 45
81 37 44
81 38 43
81 39 42
81 40 41
81 41 40
82 29 53
82 30 52
82 31 51
82 32 50
82 33 49
82 34 48
82 35 47
82 36 46
82 37 45
82 38 44
82 39 43
82 40 42
82 41 41
83 30 53
83 31 52
83 32 51
83 33 50
83 34 49
83 35 48
83 36 47
83 37 46
83 38 45
83 39 44
83 40 43
83 41 42
83 42 41
84 30 54
84 31 53
84 32 52
84 33 51
84 34 50
84 35 49
84 36 48
84 37 47
84 38 46
84 39 45
84 40 44
84 41 43
84 42 42
85 30 55
85 31 54
85 32 53
85 33 52
85 34 51
85 35 50
85 36 49
85 37 48
85 38 47
85 39 46
85 40 45
85 41 44
85 42 43
85 43 42
86 31 55
86 32 54
86 33 53
86 34 52
86 35 51
86 36 50
86 37 49
86 38 48
86 39 47
86 40 46
86 41 45
86 42 44
86 43 43
87 31 56
87 32 55
87 33 54
87 34 53
87 35 52
87 36 51
87 37 50
87 38 49
87 39 48
87 40 47
87 41 46
87 42 45
87 43 44
87 44 43
88 32 56
88 33 55
88 34 54
88 35 53
88 36 52
88 37 51
88 38 50
88 39 49
88 40 48
88 41 47
88 42 46
88 43 45
88 44 44
89 32 57
89 33 56
89 34 55
89 35 54
89 36 53
89 37 52
89 38 51
89 39 50
89 40 49
89 41 48
89 42 47
89 43 46
89 44 45
89 45 44
90 32 58
90 33 57
90 34 56
90 35 55
90 36 54
90 37 53
90 38 52
90 39 51
90 40 50
90 41 49
90 42 48
90 43 47
90 44 46
90 45 45
91 33 58
91 34 57
91 35 56
91 36 55
91 37 54
91 38 53
91 39 52
91 40 51
91 41 50
91 42 49
91 43 48
91 44 47
91 45 46
91 46 45
92 33 59
92 34 58
92 35 57
92 36 56
92 37 55
92 38 54
92 39 53
92 40 52
92 41 51
92 42 50
92 43 49
92 44 48
92 45 47
92 46 46
93 34 59
93 35 58
93 36 57
93 37 56
93 38 55
93 39 54
93 40 53
93 41 52
93 42 51
93 43 50
93 44 49
93 45 48
93 46 47
93 47 46
94 34 60
94 35 59
94 36 58
94 37 57
94 38 56
94 39 55
94 40 54
94 41 53
94 42 52
94 43 51
94 44 50
94 45 49
94 46 48
94 47 47
95 34 61
95 35 60
95 36 59
95 37 58
95 38 57
95 39 56
95 40 55
95 41 54
95 42 53
95 43 52
95 44 51
95 45 50
95 46 49
95 47 48
95 48 47
96 35 61
96 36 60
96 37 59
96 38 58
96 39 57
96 40 56
96 41 55
96 42 54
96 43 53
96 44 52
96 45 51
96 46 50
96 47 49
96 48 48
97 35 62
97 36 61
97 37 60
97 38 59
97 39 58
97 40 57
97 41 56
97 42 55
97 43 54
97 44 53
97 45 52
97 46 51
97 47 50
97 48 49
97 49 48
98 35 63
98 36 62
98 37 61
98 38 60
98 39 59
98 40 58
98 41 57
98 42 56
98 43 55
98 44 54
98 45 53
98 46 52
98 47 51
98 48 50
98 49 49
99 36 63
99 37 62
99 38 61
99 39 60
99 40 59
99 41 58
99 42 57
99 43 56
99 44 55
99 45 54
99 46 53
99 47 52
99 48 51
99 49 50
99 50 49
100 36 64
100 37 63
100 38 62
100 39 61
100 40 60
100 41 59
100 42 58
100 43 57
100 44 56
100 45 55
100 46 54
100 47 53
100 48 52
100 49 51
100 50 50
101 36 65
101 37 64
101 38 63
101 39 62
101 40 61
101 41 60
101 42 59
101 43 58
101 44 57
101 45 56
101 46 55
101 47 54
101 48 53
101 49 52
101 50 51
102 37 65
102 38 64
102 39 63
102 40 62
102 41 61
102 42 60
102 43 59
102 44 58
102 45 57
102 46 56
102 47 55
102 48 54
102 49 53
102 50 52
103 37 66
103 38 65
103 39 64
103 40 63
103 41 62
103 42 61
103 43 60
103 44 59
103 45 58
103 46 57
103 47 56
103 48 55
103 49 54
103 50 53
103 51 52
104 38 66
104 39 65
104 40 64
104 41 63
104 42 62
104 43 61
104 44 60
104 45 59
104 46 58
104 47 57
104 48 56
104 49 55
104 50 54
104 51 53
105 38 67
105 39 66
105 40 65
105 41 64
105 42 63
105 43 62
105 44 61
105 45 60
105 46 59
105 47 58
105 48 57
105 49 56
105 50 55
105 51 54
105 52 53
106 38 68
106 39 67
106 40 66
106 41 65
106 42 64
106 43 63
106 44 62
106 45 61
106 46 60
106 47 59
106 48 58
106 49 57
106 50 56
106 51 55
106 52 54
107 38 69
107 39 68
107 40 67
107 41 66
107 42 65
107 43 64
107 44 63
107 45 62
107 46 61
107 47 60
107 48 59
107 49 58
107 50 57
107 51 56
107 52 55
107 53 54
108 39 69
108 40 68
108 41 67
108 42 66
108 43 65
108 44 64
108 45 63
108 46 62
108 47 61
108 48 60
108 49 59
108 50 58
108 51 57
108 52 56
108 53 55
109 39 70
109 40 69
109 41 68
109 42 67
109 43 66
109 44 65
109 45 64
109 46 63
109 47 62
109 48 61
109 49 60
109 50 59
109 51 58
109 52 57
109 53 56
109 54 55
110 40 70
110 41 69
110 42 68
110 43 67
110 44 66
110 45 65
110 46 64
110 47 63
110 48 62
110 49 61
110 50 60
110 51 59
110 52 58
110 53 57
110 54 56
111 40 71
111 41 70
111 42 69
111 43 68
111 44 67
111 45 66
111 46 65
111 47 64
111 48 63
111 49 62
111 50 61
111 51 60
111 52 59
111 53 58
111 54 57
112 40 72
112 41 71
112 42 70
112 43 69
112 44 68
112 45 67
112 46 66
112 47 65
112 48 64
112 49 63
112 50 62
112 51 61
112 52 60
112 53 59
112 54 58
112 55 57
113 41 72
113 42 71
113 43 70
113 44 69
113 45 68
113 46 67
113 47 66
113 48 65
113 49 64
113 50 63
113 51 62
113 52 61
113 53 60
113 54 59
113 55 58
114 41 73
114 42 72
114 43 71
114 44 70
114 45 69
114 46 68
114 47 67
114 48 66
114 49 65
114 50 64
114 51 63
114 52 62
114 53 61
114 54 60
114 55 59
114 56 58
115 41 74
115 42 73
115 43 72
115 44 71
115 45 70
115 46 69
115 47 68
115 48 67
115 49 66
115 50 65
115 51 64
115 52 63
115 53 62
115 54 61
115 55 60
115 56 59
116 42 74
116 43 73
116 44 72
116 45 71
116 46 70
116 47 69
116 48 68
116 49 67
116 50 66
116 51 65
116 52 64
116 53 63
116 54 62
116 55 61
116 56 60
116 57 59
117 42 75
117 43 74
117 44 73
117 45 72
117 46 71
117 47 70
117 48 69
117 49 68
117 50 67
117 51 66
117 52 65
117 53 64
117 54 63
117 55 62
117 56 61
117 57 60
118 43 75
118 44 74
118 45 73
118 46 72
118 47 71
118 48 70
118 49 69
118 50 68
118 51 67
118 52 66
118 53 65
118 54 64
118 55 63
118 56 62
118 57 61
119 43 76
119 44 75
119 45 74
119 46 73
119 47 72
119 48 71
119 49 70
119 50 69
119 51 68
119 52 67
119 53 66
119 54 65
119 55 64
119 56 63
119 57 62
119 58 61
120 43 77
120 44 76
120 45 75
120 46 74
120 47 73
120 48 72
120 49 71
120 50 70
120 51 69
120 52 68
120 53 67
120 54 66
120 55 65
120 56 64
120 57 63
120 58 62
121 44 77
121 45 76
121 46 75
121 47 74
121 48 73
121 49 72
121 50 71
121 51 70
121 52 69
121 53 68
121 54 67
121 55 66
121 56 65
121 57 64
121 58 63
121 59 62
122 44 78
122 45 77
122 46 76
122 47 75
122 48 74
122 49 73
122 50 72
122 51 71
122 52 70
122 53 69
122 54 68
122 55 67
122 56 66
122 57 65
122 58 64
122 59 63
123 44 79
123 45 78
123 46 77
123 47 76
123 48 75
123 49 74
123 50 73
123 51 72
123 52 71
123 53 70
123 54 69
123 55 68
123 56 67
123 57 66
123 58 65
123 59 64
124 44 80
124 45 79
124 46 78
124 47 77
124 48 76
124 49 75
124 50 74
124 51 73
124 52 72
124 53 71
124 54 70
124 55 69
124 56 68
124 57 67
124 58 66
124 59 65
124 60 64
125 45 80
125 46 79
125 47 78
125 48 77
125 49 76
125 50 75
125 51 74
125 52 73
125 53 72
125 54 71
125 55 70
125 56 69
125 57 68
125 58 67
125 59 66
125 60 65
126 45 81
126 46 80
126 47 79
126 48 78
126 49 77
126 50 76
126 51 75
126 52 74
126 53 73
126 54 72
126 55 71
126 56 70
126 57 69
126 58 68
126 59 67
126 60 66
126 61 65
127 46 81
127 47 80
127 48 79
127 49 78
127 50 77
127 51 76
127 52 75
127 53 74
127 54 73
127 55 72
127 56 71
127 57 70
127 58 69
127 59 68
127 60 67
127 61 66
128 46 82
128 47 81
128 48 80
128 49 79
128 50 78
128 51 77
128 52 76
128 53 75
128 54 74
128 55 73
128 56 72
128 57 71
128 58 70
128 59 69
128 60 68
128 61 67
128 62 66
129 47 82
129 48 81
129 49 80
129 50 79
129 51 78
129 52 77
129 53 76
129 54 75
129 55 74
129 56 73
129 57 72
129 58 71
129 59 70
129 60 69
129 61 68
129 62 67
130 47 83
130 48 82
130 49 81
130 50 80
130 51 79
130 52 78
130 53 77
130 54 76
130 55 75
130 56 74
130 57 73
130 58 72
130 59 71
130 60 70
130 61 69
130 62 68
130 63 67
131 48 83
131 49 82
131 50 81
131 51 80
131 52 79
131 53 78
131 54 77
131 55 76
131 56 75
131 57 74
131 58 73
131 59 72
131 60 71
131 61 70
131 62 69
131 63 68
132 48 84
132 49 83
132 50 82
132 51 81
132 52 80
132 53 79
132 54 78
132 55 77
132 56 76
132 57 75
132 58 74
132 59 73
132 60 72
132 61 71
132 62 70
132 63 69
133 48 85
133 49 84
133 50 83
133 51 82
133 52 81
133 53 80
133 54 79
133 55 78
133 56 77
133 57 76
133 58 75
133 59 74
133 60 73
133 61 72
133 62 71
133 63 70
133 64 69
134 49 85
134 50 84
134 51 83
134 52 82
134 53 81
134 54 80
134 55 79
134 56 78
134 57 77
134 58 76
134 59 75
134 60 74
134 61 73
134 62 72
134 63 71
134 64 70
135 49 86
135 50 85
135 51 84
135 52 83
135 53 82
135 54 81
135 55 80
135 56 79
135 57 78
135 58 77
135 59 76
135 60 75
135 61 74
135 62 73
135 63 72
135 64 71
135 65 70
136 50 86
136 51 85
136 52 84
136 53 83
136 54 82
136 55 81
136 56 80
136 57 79
136 58 78
136 59 77
136 60 76
136 61 75
136 62 74
136 63 73
136 64 72
136 65 71
137 50 87
137 51 86
137 52 85
137 53 84
137 54 83
137 55 82
137 56 81
137 57 80
137 58 79
137 59 78
137 60 77
137 61 76
137 62 75
137 63 74
137 64 73
137 65 72
138 50 88
138 51 87
138 52 86
138 53 85
138 54 84
138 55 83
138 56 82
138 57 81
138 58 80
138 59 79
138 60 78
138 61 77
138 62 76
138 63 75
138 64 74
138 65 73
138 66 72
139 51 88
139 52 87
139 53 86
139 54 85
139 55 84
139 56 83
139 57 82
139 58 81
139 59 80
139 60 79
139 61 78
139 62 77
139 63 76
139 64 75
139 65 74
139 66 73
140 51 89
140 52 88
140 53 87
140 54 86
140 55 85
140 56 84
140 57 83
140 58 82
140 59 81
140 60 80
140 61 79
140 62 78
140 63 77
140 64 76
140 65 75
140 66 74
140 67 73
141 52 89
141 53 88
141 54 87
141 55 86
141 56 85
141 57 84
141 58 83
141 59 82
141 60 81
141 61 80
141 62 79
141 63 78
141 64 77
141 65 76
141 66 75
141 67 74
142 52 90
142 53 89
142 54 88
142 55 87
142 56 86
142 57 85
142 58 84
142 59 83
142 60 82
142 61 81
142 62 80
142 63 79
142 64 78
142 65 77
142 66 76
142 67 75
142 68 74
143 52 91
143 53 90
143 54 89
143 55 88
143 56 87
143 57 86
143 58 85
143 59 84
143 60 83
143 61 82
143 62 81
143 63 80
143 64 79
143 65 78
143 66 77
143 67 76
143 68 75
144 53 91
144 54 90
144 55 89
144 56 88
144 57 87
144 58 86
144 59 85
144 60 84
144 61 83
144 62 82
144 63 81
144 64 80
144 65 79
144 66 78
144 67 77
144 68 76
144 69 75
145 53 92
145 54 91
145 55 90
145 56 89
145 57 88
145 58 87
145 59 86
145 60 85
145 61 84
145 62 83
145 63 82
145 64 81
145 65 80
145 66 79
145 67 78
145 68 77
145 69 76
146 54 92
146 55 91
146 56 90
146 57 89
146 58 88
146 59 87
146 60 86
146 61 85
146 62 84
146 63 83
146 64 82
146 65 81
146 66 80
146 67 79
146 68 78
146 69 77
147 54 93
147 55 92
147 56 91
147 57 90
147 58 89
147 59 88
147 60 87
147 61 86
147 62 85
147 63 84
147 64 83
147 65 82
147 66 81
147 67 80
147 68 79
147 69 78
148 54 94
148 55 93
148 56 92
148 57 91
148 58 90
148 59 89
148 60 88
148 61 87
148 62 86
148 63 85
148 64 84
148 65 83
148 66 82
148 67 81
148 68 80
148 69 79
148 70 78
149 55 94
149 56 93
149 57 92
149 58 91
149 59 90
149 60 89
149 61 88
149 62 87
149 63 86
149 64 85
149 65 84
149 66 83
149 67 82
149 68 81
149 69 80
149 70 79
150 55 95
150 56 94
150 57 93
150 58 92
150 59 91
150 60 90
150 61 89
150 62 88
150 63 87
150 64 86
150 65 85
150 66 84
150 67 83
150 68 82
150 69 81
150 70 80
150 71 79
151 55 96
151 56 95
151 57 94
151 58 93
151 59 92
151 60 91
151 61 90
151 62 89
151 63 88
151 64 87
151 65 86
151 66 85
151 67 84
151 68 83
151 69 82
151 70 81
151 71 80
152 56 96
152 57 95
152 58 94
152 59 93
152 60 92
152 61 91
152 62 90
152 63 89
152 64 88
152 65 87
152 66 86
152 67 85
152 68 84
152 69 83
152 70 82
152 71 81
153 56 97
153 57 96
153 58 95
153 59 94
153 60 93
153 61 92
153 62 91
153 63 90
153 64 89
153 65 88
153 66 87
153 67 86
153 68 85
153 69 84
153 70 83
153 71 82
153 72 81
154 57 97
154 58 96
154 59 95
154 60 94
154 61 93
154 62 92
154 63 91
154 64 90
154 65 89
154 66 88
154 67 87
154 68 86
154 69 85
154 70 84
154 71 83
154 72 82
155 57 98
155 58 97
155 59 96
155 60 95
155 61 94
155 62 93
155 63 92
155 64 91
155 65 90
155 66 89
155 67 88
155 68 87
155 69 86
155 70 85
155 71 84
155 72 83
155 73 82
156 58 98
156 59 97
156 60 96
156 61 95
156 62 94
156 63 93
156 64 92
156 65 91
156 66 90
156 67 89
156 68 88
156 69 87
156 70 86
156 71 85
156 72 84
156 73 83
157 58 99
157 59 98
157 60 97
157 61 96
157 62 95
157 63 94
157 64 93
157 65 92
157 66 91
157 67 90
157 68 89
157 69 88
157 70 87
157 71 86
157 72 85
157 73 84
157 74 83
158 59 99
158 60 98
158 61 97
158 62 96
158 63 95
158 64 94
158 65 93
158 66 92
158 67 91
158 68 90
158 69 89
158 70 88
158 71 87
158 72 86
158 73 85
158 74 84
159 59 100
159 60 99
159 61 98
159 62 97
159 63 96
159 64 95
159 65 94
159 66 93
159 67 92
159 68 91
159 69 90
159 70 89
159 71 88
159 72 87
159 73 86
159 74 85
159 75 84
160 60 100
160 61 99
160 62 98
160 63 97
160 64 96
160 65 95
160 66 94
160 67 93
160 68 92
160 69 91
160 70 90
160 71 89
160 72 88
160 73 87
160 74 86
160 75 85
161 60 101
161 61 100
161 62 99
161 63 98
161 64 97
161 65 96
161 66 95
161 67 94
161 68 93
161 69 92
161 70 91
161 71 90
161 72 89
161 73 88
161 74 87
161 75 86
161 76 85
162 61 101
162 62 100
162 63 99
162 64 98
162 65 97
162 66 96
162 67 95
162 68 94
162 69 93
162 70 92
162 71 91
162 72 90
162 73 89
162 74 88
162 75 87
162 76 86
163 61 102
163 62 101
163 63 100
163 64 99
163 65 98
163 66 97
163 67 96
163 68 95
163 69 94
163 70 93
163 71 92
163 72 91
163 73 90
163 74 89
163 75 88
163 76 87
164 62 102
164 63 101
164 64 100
164 65 99
164 66 98
164 67 97
164 68 96
164 69 95
164 70 94
164 71 93
164 72 92
164 73 91
164 74 90
164 75 89
164 76 88
164 77 87
165 62 103
165 63 102
165 64 101
165 65 100
165 66 99
165 67 98
165 68 97
165 69 96
165 70 95
165 71 94
165 72 93
165 73 92
165 74 91
165 75 90
165 76 89
165 77 88
166 63 103
166 64 102
166 65 101
166 66 100
166 67 99
166 68 98
166 69 97
166 70 96
166 71 95
166 72 94
166 73 93
166 74 92
166 75 91
166 76 90
166 77 89
166 78 88
167 63 104
167 64 103
167 65 102
167 66 101
167 67 100
167 68 99
167 69 98
167 70 97
167 71 96
167 72 95
167 73 94
167 74 93
167 75 92
167 76 91
167 77 90
167 78 89
168 64 104
168 65 103
168 66 102
168 67 101
168 68 100
168 69 99
168 70 98
168 71 97
168 72 96
168 73 95
168 74 94
168 75 93
168 76 92
168 77 91
168 78 90
169 64 105
169 65 104
169 66 103
169 67 102
169 68 101
169 69 100
169 70 99
169 71 98
169 72 97
169 73 96
169 74 95
169 75 94
169 76 93
169 77 92
169 78 91
169 79 90
170 65 105
170 66 104
170 67 103
170 68 102
170 69 101
170 70 100
170 71 99
170 72 98
170 73 97
170 74 96
170 75 95
170 76 94
170 77 93
170 78 92
170 79 91
171 65 106
171 66 105
171 67 104
171 68 103
171 69 102
171 70 101
171 71 100
171 72 99
171 73 98
171 74 97
171 75 96
171 76 95
171 77 94
171 78 93
171 79 92
171 80 91
172 66 106
172 67 105
172 68 104
172 69 103
172 70 102
172 71 101
172 72 100
172 73 99
172 74 98
172 75 97
172 76 96
172 77 95
172 78 94
172 79 93
172 80 92
173 66 107
173 67 106
173 68 105
173 69 104
173 70 103
173 71 102
173 72 101
173 73 100
173 74 99
173 75 98
173 76 97
173 77 96
173 78 95
173 79 94
173 80 93
174 67 107
174 68 106
174 69 105
174 70 104
174 71 103
174 72 102
174 73 101
174 74 100
174 75 99
174 76 98
174 77 97
174 78 96
174 79 95
174 80 94
175 67 108
175 68 107
175 69 106
175 70 105
175 71 104
175 72 103
175 73 102
175 74 101
175 75 100
175 76 99
175 77 98
175 78 97
175 79 96
175 80 95
176 68 108
176 69 107
176 70 106
176 71 105
176 72 104
176 73 103
176 74 102
176 75 101
176 76 100
176 77 99
176 78 98
176 79 97
176 80 96
176 81 95
177 68 109
177 69 108
177 70 107
177 71 106
177 72 105
177 73 104
177 74 103
177 75 102
177 76 101
177 77 100
177 78 99
177 79 98
177 80 97
177 81 96
178 69 109
178 70 108
178 71 107
178 72 106
178 73 105
178 74 104
178 75 103
178 76 102
178 77 101
178 78 100
178 79 99
178 80 98
178 81 97
178 82 96
179 69 110
179 70 109
179 71 108
179 72 107
179 73 106
179 74 105
179 75 104
179 76 103
179 77 102
179 78 101
179 79 100
179 80 99
179 81 98
179 82 97
180 70 110
180 71 109
180 72 108
180 73 107
180 74 106
180 75 105
180 76 104
180 77 103
180 78 102
180 79 101
180 80 100
180 81 99
180 82 98
181 70 111
181 71 110
181 72 109
181 73 108
181 74 107
181 75 106
181 76 105
181 77 104
181 78 103
181 79 102
181 80 101
181 81 100
181 82 99
182 71 111
182 72 110
182 73 109
182 74 108
182 75 107
182 76 106
182 77 105
182 78 104
182 79 103
182 80 102
182 81 101
182 82 100
183 71 112
183 72 111
183 73 110
183 74 109
183 75 108
183 76 107
183 77 106
183 78 105
183 79 104
183 80 103
183 81 102
183 82 101
184 71 113
184 72 112
184 73 111
184 74 110
184 75 109
184 76 108
184 77 107
184 78 106
184 79 105
184 80 104
184 81 103
184 82 102
184 83 101
185 71 114
185 72 113
185 73 112
185 74 111
185 75 110
185 76 109
185 77 108
185 78 107
185 79 106
185 80 105
185 81 104
185 82 103
185 83 102
186 72 114
186 73 113
186 74 112
186 75 111
186 76 110
186 77 109
186 78 108
186 79 107
186 80 106
186 81 105
186 82 104
186 83 103
186 84 102
187 72 115
187 73 114
187 74 113
187 75 112
187 76 111
187 77 110
187 78 109
187 79 108
187 80 107
187 81 106
187 82 105
187 83 104
187 84 103
188 72 116
188 73 115
188 74 114
188 75 113
188 76 112
188 77 111
188 78 110
188 79 109
188 80 108
188 81 107
188 82 106
188 83 105
188 84 104
189 72 117
189 73 116
189 74 115
189 75 114
189 76 113
189 77 112
189 78 111
189 79 110
189 80 109
189 81 108
189 82 107
189 83 106
189 84 105
190 73 117
190 74 116
190 75 115
190 76 114
190 77 113
190 78 112
190 79 111
190 80 110
190 81 109
190 82 108
190 83 107
190 84 106
191 73 118
191 74 117
191 75 116
191 76 115
191 77 114
191 78 113
191 79 112
191 80 111
191 81 110
191 82 109
191 83 108
191 84 107
191 85 106
192 73 119
192 74 118
192 75 117
192 76 116
192 77 115
192 78 114
192 79 113
192 80 112
192 81 111
192 82 110
192 83 109
192 84 108
192 85 107
193 74 119
193 75 118
193 76 117
193 77 116
193 78 115
193 79 114
193 80 113
193 81 112
193 82 111
193 83 110
193 84 109
193 85 108
193 86 107
194 74 120
194 75 119
194 76 118
194 77 117
194 78 116
194 79 115
194 80 114
194 81 113
194 82 112
194 83 111
194 84 110
194 85 109
194 86 108
195 75 120
195 76 119
195 77 118
195 78 117
195 79 116
195 80 115
195 81 114
195 82 113
195 83 112
195 84 111
195 85 110
195 86 109
196 75 121
196 76 120
196 77 119
196 78 118
196 79 117
196 80 116
196 81 115
196 82 114
196 83 113
196 84 112
196 85 111
196 86 110
197 75 122
197 76 121
197 77 120
197 78 119
197 79 118
197 80 117
197 81 116
197 82 115
197 83 114
197 84 113
197 85 112
197 86 111
198 75 123
198 76 122
198 77 121
198 78 120
198 79 119
198 80 118
198 81 117
198 82 116
198 83 115
198 84 114
198 85 113
198 86 112
199 76 123
199 77 122
199 78 121
199 79 120
199 80 119
199 81 118
199 82 117
199 83 116
199 84 115
199 85 114
199 86 113
199 87 112
200 76 124
200 77 123
200 78 122
200 79 121
200 80 120
200 81 119
200 82 118
200 83 117
200 84 116
200 85 115
200 86 114
200 87 113
201 76 125
201 77 124
201 78 123
201 79 122
201 80 121
201 81 120
201 82 119
201 83 118
201 84 117
201 85 116
201 86 115
201 87 114
201 88 113
202 76 126
202 77 125
202 78 124
202 79 123
202 80 122
202 81 121
202 82 120
202 83 119
202 84 118
202 85 117
202 86 116
202 87 115
202 88 114
203 77 126
203 78 125
203 79 124
203 80 123
203 81 122
203 82 121
203 83 120
203 84 119
203 85 118
203 86 117
203 87 116
203 88 115
204 77 127
204 78 126
204 79 125
204 80 124
204 81 123
204 82 122
204 83 121
204 84 120
204 85 119
204 86 118
204 87 117
204 88 116
205 78 127
205 79 126
205 80 125
205 81 124
205 82 123
205 83 122
205 84 121
205 85 120
205 86 119
205 87 118
205 88 117
206 78 128
206 79 127
206 80 126
206 81 125
206 82 124
206 83 123
206 84 122
206 85 121
206 86 120
206 87 119
206 88 118
206 89 117
207 79 128
207 80 127
207 81 126
207 82 125
207 83 124
207 84 123
207 85 122
207 86 121
207 87 120
207 88 119
207 89 118
208 79 129
208 80 128
208 81 127
208 82 126
208 83 125
208 84 124
208 85 123
208 86 122
208 87 121
208 88 120
208 89 119
208 90 118
209 79 130
209 80 129
209 81 128
209 82 127
209 83 126
209 84 125
209 85 124
209 86 123
209 87 122
209 88 121
209 89 120
209 90 119
210 79 131
210 80 130
210 81 129
210 82 128
210 83 127
210 84 126
210 85 125
210 86 124
210 87 123
210 88 122
210 89 121
210 90 120
211 80 131
211 81 130
211 82 129
211 83 128
211 84 127
211 85 126
211 86 125
211 87 124
211 88 123
211 89 122
211 90 121
212 80 132
212 81 131
212 82 130
212 83 129
212 84 128
212 85 127
212 86 126
212 87 125
212 88 124
212 89 123
212 90 122
212 91 121
213 80 133
213 81 132
213 82 131
213 83 130
213 84 129
213 85 128
213 86 127
213 87 126
213 88 125
213 89 124
213 90 123
213 91 122
214 80 134
214 81 133
214 82 132
214 83 131
214 84 130
214 85 129
214 86 128
214 87 127
214 88 126
214 89 125
214 90 124
214 91 123
215 80 135
215 81 134
215 82 133
215 83 132
215 84 131
215 85 130
215 86 129
215 87 128
215 88 127
215 89 126
215 90 125
215 91 124
216 80 136
216 81 135
216 82 134
216 83 133
216 84 132
216 85 131
216 86 130
216 87 129
216 88 128
216 89 127
216 90 126
216 91 125
217 81 136
217 82 135
217 83 134
217 84 133
217 85 132
217 86 131
217 87 130
217 88 129
217 89 128
217 90 127
217 91 126
217 92 125
218 81 137
218 82 136
218 83 135
218 84 134
218 85 133
218 86 132
218 87 131
218 88 130
218 89 129
218 90 128
218 91 127
218 92 126
219 82 137
219 83 136
219 84 135
219 85 134
219 86 133
219 87 132
219 88 131
219 89 130
219 90 129
219 91 128
219 92 127
219 93 126
220 82 138
220 83 137
220 84 136
220 85 135
220 86 134
220 87 133
220 88 132
220 89 131
220 90 130
220 91 129
220 92 128
220 93 127
221 83 138
221 84 137
221 85 136
221 86 135
221 87 134
221 88 133
221 89 132
221 90 131
221 91 130
221 92 129
221 93 128
222 83 139
222 84 138
222 85 137
222 86 136
222 87 135
222 88 134
222 89 133
222 90 132
222 91 131
222 92 130
222 93 129
223 83 140
223 84 139
223 85 138
223 86 137
223 87 136
223 88 135
223 89 134
223 90 133
223 91 132
223 92 131
223 93 130
224 83 141
224 84 140
224 85 139
224 86 138
224 87 137
224 88 136
224 89 135
224 90 134
224 91 133
224 92 132
224 93 131
225 84 141
225 85 140
225 86 139
225 87 138
225 88 137
225 89 136
225 90 135
225 91 134
225 92 133
225 93 132
226 84 142
226 85 141
226 86 140
226 87 139
226 88 138
226 89 137
226 90 136
226 91 135
226 92 134
226 93 133
227 84 143
227 85 142
227 86 141
227 87 140
227 88 139
227 89 138
227 90 137
227 91 136
227 92 135
227 93 134
228 85 143
228 86 142
228 87 141
228 88 140
228 89 139
228 90 138
228 91 137
228 92 136
228 93 135
228 94 134
229 85 144
229 86 143
229 87 142
229 88 141
229 89 140
229 90 139
229 91 138
229 92 137
229 93 136
229 94 135
230 86 144
230 87 143
230 88 142
230 89 141
230 90 140
230 91 139
230 92 138
230 93 137
230 94 136
230 95 135
231 86 145
231 87 144
231 88 143
231 89 142
231 90 141
231 91 140
231 92 139
231 93 138
231 94 137
231 95 136
232 87 145
232 88 144
232 89 143
232 90 142
232 91 141
232 92 140
232 93 139
232 94 138
232 95 137
232 96 136
233 87 146
233 88 145
233 89 144
233 90 143
233 91 142
233 92 141
233 93 140
233 94 139
233 95 138
233 96 137
234 88 146
234 89 145
234 90 144
234 91 143
234 92 142
234 93 141
234 94 140
234 95 139
234 96 138
234 97 137
235 88 147
235 89 146
235 90 145
235 91 144
235 92 143
235 93 142
235 94 141
235 95 140
235 96 139
235 97 138
236 89 147
236 90 146
236 91 145
236 92 144
236 93 143
236 94 142
236 95 141
236 96 140
236 97 139
237 89 148
237 90 147
237 91 146
237 92 145
237 93 144
237 94 143
237 95 142
237 96 141
237 97 140
237 98 139
238 90 148
238 91 147
238 92 146
238 93 145
238 94 144
238 95 143
238 96 142
238 97 141
238 98 140
239 90 149
239 91 148
239 92 147
239 93 146
239 94 145
239 95 144
239 96 143
239 97 142
239 98 141
239 99 140
240 91 149
240 92 148
240 93 147
240 94 146
240 95 145
240 96 144
240 97 143
240 98 142
240 99 141
241 91 150
241 92 149
241 93 148
241 94 147
241 95 146
241 96 145
241 97 144
241 98 143
241 99 142
241 100 141
242 92 150
242 93 149
242 94 148
242 95 147
242 96 146
242 97 145
242 98 144
242 99 143
242 100 142
243 92 151
243 93 150
243 94 149
243 95 148
243 96 147
243 97 146
243 98 145
243 99 144
243 100 143
244 93 151
244 94 150
244 95 149
244 96 148
244 97 147
244 98 146
244 99 145
244 100 144
245 93 152
245 94 151
245 95 150
245 96 149
245 97 148
245 98 147
245 99 146
245 100 145
245 101 144
246 94 152
246 95 151
246 96 150
246 97 149
246 98 148
246 99 147
246 100 146
246 101 145
247 94 153
247 95 152
247 96 151
247 97 150
247 98 149
247 99 148
247 100 147
247 101 146
248 95 153
248 96 152
248 97 151
248 98 150
248 99 149
248 100 148
248 101 147
248 102 146
249 95 154
249 96 153
249 97 152
249 98 151
249 99 150
249 100 149
249 101 148
249 102 147
250 96 154
250 97 153
250 98 152
250 99 151
250 100 150
250 101 149
250 102 148
251 96 155
251 97 154
251 98 153
251 99 152
251 100 151
251 101 150
251 102 149
251 103 148
252 96 156
252 97 155
252 98 154
252 99 153
252 100 152
252 101 151
252 102 150
252 103 149
253 97 156
253 98 155
253 99 154
253 100 153
253 101 152
253 102 151
253 103 150
253 104 149
254 97 157
254 98 156
254 99 155
254 100 154
254 101 153
254 102 152
254 103 151
254 104 150
255 98 157
255 99 156
255 100 155
255 101 154
255 102 153
255 103 152
255 104 151
255 105 150
256 98 158
256 99 157
256 100 156
256 101 155
256 102 154
256 103 153
256 104 152
256 105 151
257 99 158
257 100 157
257 101 156
257 102 155
257 103 154
257 104 153
257 105 152
258 99 159
258 100 158
258 101 157
258 102 156
258 103 155
258 104 154
258 105 153
258 106 152
259 100 159
259 101 158
259 102 157
259 103 156
259 104 155
259 105 154
259 106 153
260 100 160
260 101 159
260 102 158
260 103 157
260 104 156
260 105 155
260 106 154
260 107 153
261 101 160
261 102 159
261 103 158
261 104 157
261 105 156
261 106 155
261 107 154
262 101 161
262 102 160
262 103 159
262 104 158
262 105 157
262 106 156
262 107 155
263 102 161
263 103 160
263 104 159
263 105 158
263 106 157
263 107 156
263 108 155
264 102 162
264 103 161
264 104 160
264 105 159
264 106 158
264 107 157
264 108 156
265 103 162
265 104 161
265 105 160
265 106 159
265 107 158
265 108 157
265 109 156
266 103 163
266 104 162
266 105 161
266 106 160
266 107 159
266 108 158
266 109 157
267 104 163
267 105 162
267 106 161
267 107 160
267 108 159
267 109 158
267 110 157
268 104 164
268 105 163
268 106 162
268 107 161
268 108 160
268 109 159
268 110 158
269 105 164
269 106 163
269 107 162
269 108 161
269 109 160
269 110 159
270 105 165
270 106 164
270 107 163
270 108 162
270 109 161
270 110 160
271 106 165
271 107 164
271 108 163
271 109 162
271 110 161
272 106 166
272 107 165
272 108 164
272 109 163
272 110 162
272 111 161
273 106 167
273 107 166
273 108 165
273 109 164
273 110 163
273 111 162
274 107 167
274 108 166
274 109 165
274 110 164
274 111 163
275 107 168
275 108 167
275 109 166
275 110 165
275 111 164
276 108 168
276 109 167
276 110 166
276 111 165
276 112 164
277 108 169
277 109 168
277 110 167
277 111 166
277 112 165
278 109 169
278 110 168
278 111 167
278 112 166
278 113 165
279 109 170
279 110 169
279 111 168
279 112 167
279 113 166
280 110 170
280 111 169
280 112 168
280 113 167
281 110 171
281 111 170
281 112 169
281 113 168
282 111 171
282 112 170
282 113 169
283 111 172
283 112 171
283 113 170
284 112 172
284 113 171
285 112 173
285 113 172
285 114 171
286 113 173
286 114 172
287 113 174
287 114 173
287 115 172
288 114 174
288 115 173
289 114 175
289 115 174
289 116 173
290 115 175
290 116 174
291 115 176
291 116 175
291 117 174
292 116 176
292 117 175
293 116 177
293 117 176
293 118 175
294 117 177
294 118 176
295 118 177
295 118 177
